return {
		["Crystal Egg"] = CFrame.new(-144.171722, 7.12892628, -4.98990774, 0, 0, -1, -1, 0, 0, 0, 1, 0),
		["Inferno Egg"] = CFrame.new(82.4433212, 6.61224794, -9.22123528, 0, 0, -1, -1, 0, 0, 0, 1, 0),
		["Icy Egg"] = CFrame.new(-54.2339783, 10.1246843, 0.981586456, 0, 0, -1, -1, 0, 0, 0, 1, 0),
		["Common Egg"] = CFrame.new(-10.2552786, 6.63612223, -79.8115845, 0, 0, -1, -1, 0, 0, 0, 1, 0),
		["Spikey Egg"] = CFrame.new(-128.611023, 7.12894535, 9.79082298, 0, 0, -1, -1, 0, 0, 0, 1, 0),
		["Atlantis Egg"] = CFrame.new(-78.4374161, 10.1246843, 25.9414062, 0, 0, -1, -1, 0, 0, 0, 1, 0),
		["Iceshard Egg"] = CFrame.new(-10.2552786, 6.63612223, -57.8115845, 0, 0, -1, -1, 0, 0, 0, 1, 0),
		["Showman Egg"] = CFrame.new(-131.755417, 7.12893581, -63.2838135, 0, 0, -1, -1, 0, 0, 0, 1, 0),
		["Neon Egg"] = CFrame.new(-81.3096848, 7.12892246, -60.4263306, 0, 0, -1, -1, 0, 0, 0, 1, 0),
		["Lunar Egg"] = CFrame.new(-148.484146, 7.12892628, -15.2603655, 0, 0, -1, -1, 0, 0, 0, 1, 0),
		["Void Egg"] = CFrame.new(-150.272919, 7.12893581, -26.0208549, 0, 0, -1, -1, 0, 0, 0, 1, 0),
		["Cyber Egg"] = CFrame.new(-92.2678604, 7.12892246, -66.691391, 0, 0, -1, -1, 0, 0, 0, 1, 0),
		["Mining Egg"] = CFrame.new(-121.75174, 7.12893581, -68.1152573, 0, 0, -1, -1, 0, 0, 0, 1, 0),
		["Rainbow Egg"] = CFrame.new(-140.054092, 7.12892628, -56.0581245, 0, 0, -1, -1, 0, 0, 0, 1, 0),
		["Hell Egg"] = CFrame.new(-149.327087, 7.12893581, -36.8873329, 0, 0, -1, -1, 0, 0, 0, 1, 0),
		["Infinity Egg"] = CFrame.new(-105.658203, 5.62196636, -27.03685, 0, 0, -1, -1, 0, 0, 0, 1, 0),
		["Lava Egg"] = CFrame.new(-68.9796906, 10.1246843, 19.3721142, 0, 0, -1, -1, 0, 0, 0, 1, 0),
		["Vine Egg"] = CFrame.new(-60.722435, 10.1246843, 11.0473499, 0, 0, -1, -1, 0, 0, 0, 1, 0),
		["Magma Egg"] = CFrame.new(-137.195374, 7.12893581, 3.53425002, 0, 0, -1, -1, 0, 0, 0, 1, 0),
		["Classic Egg"] = CFrame.new(-89.3765869, 10.1246843, 30.5915108, 0, 0, -1, -1, 0, 0, 0, 1, 0),
		["Nightmare Egg"] = CFrame.new(-146.009338, 7.12892628, -46.9943161, 0, 0, -1, -1, 0, 0, 0, 1, 0),
		["Spotted Egg"] = CFrame.new(-10.2552786, 6.63612223, -68.8115845, 0, 0, -1, -1, 0, 0, 0, 1, 0),
		["Jester Egg"] = CFrame.new(-4924.99854, 16.8854256, -673.19458, 0, 0, -1, -1, 0, 0, 0, 1, 0),
		--["Pumpkin Egg"] = CFrame.new(-4906.69727, 22.9731274, -542.255859, 0, 0, -1, -1, 0, 0, 0, 1, 0),
		--["Costume Egg"] = CFrame.new(-4917.69727, 22.9734974, -542.255859, 0, 0, -1, -1, 0, 0, 0, 1, 0),
		--["Mutant Egg"] = CFrame.new(-4939.69727, 22.9734974, -542.255859, 0, 0, -1, -1, 0, 0, 0, 1, 0),
		--["Sinister Egg"] = CFrame.new(-4928.69727, 22.9734974, -542.255859, 0, 0, -1, -1, 0, 0, 0, 1, 0),
		["Secret Egg"] = CFrame.new(-19442.832, 5.46379805, 18836.9219, 0, 0, -1, -1, 0, 0, 0, 1, 0),
		["OG Egg"] = CFrame.new(65.1323395, 6.41697264, 29.1425381, 0, 0, -1, -1, 0, 0, 0, 1, 0)
	}
